1753051793461 0.01 10
1753051816962 0.03 20
1753051840242 0.04 30
1753051863207 0.05 40
1753051886322 0.07 50
1753051909084 0.08 60
1753051932166 0.09 70
1753051955156 0.1 80
1753051977836 0.12 90
1753052000802 0.13 100
1753052023467 0.14 110
1753052046260 0.16 120
1753052069000 0.17 130
1753052091806 0.18 140
1753052115103 0.2 150
1753052138141 0.21 160
1753052161058 0.22 170
1753052184375 0.24 180
1753052207386 0.25 190
1753052230246 0.26 200
1753052253375 0.28 210
1753052276340 0.29 220
1753052299418 0.3 230
1753052322427 0.31 240
1753052345198 0.33 250
1753052368334 0.34 260
1753052391011 0.35 270
1753052414001 0.37 280
1753052437024 0.38 290
1753052459763 0.39 300
1753052482671 0.41 310
1753052505575 0.42 320
1753052528396 0.43 330
1753052551342 0.45 340
1753052574460 0.46 350
1753052597313 0.47 360
1753052620254 0.49 370
1753052643256 0.5 380
1753052666591 0.51 390
1753052689292 0.52 400
1753052712093 0.54 410
1753052734815 0.55 420
1753052757556 0.56 430
1753052780063 0.58 440
1753052802756 0.59 450
1753052825393 0.6 460
1753052848305 0.62 470
1753052871100 0.63 480
1753052893805 0.64 490
1753052916619 0.66 500
1753052939190 0.67 510
1753052961934 0.68 520
1753052984628 0.7 530
1753053007275 0.71 540
1753053030102 0.72 550
1753053052821 0.73 560
1753053075661 0.75 570
1753053098402 0.76 580
1753053121016 0.77 590
1753053143839 0.79 600
1753053166703 0.8 610
1753053189486 0.81 620
1753053212238 0.83 630
1753053234700 0.84 640
1753053257467 0.85 650
1753053280220 0.87 660
1753053302857 0.88 670
1753053325688 0.89 680
1753053348329 0.91 690
1753053371130 0.92 700
1753053393867 0.93 710
1753053416501 0.94 720
1753053439186 0.96 730
1753053461965 0.97 740
1753053484736 0.98 750
1753053507630 1.0 760
1753053598963 1.0 762
1753053617395 1.01 770
1753053639828 1.02 780
1753053662029 1.04 790
1753053684255 1.05 800
1753053706376 1.06 810
1753053728511 1.08 820
1753053750771 1.09 830
1753053772972 1.1 840
1753053795243 1.12 850
1753053817668 1.13 860
1753053839920 1.14 870
1753053862273 1.15 880
1753053884590 1.17 890
1753053906779 1.18 900
1753053928978 1.19 910
1753053951236 1.21 920
1753053973799 1.22 930
1753053996316 1.23 940
1753054018475 1.25 950
1753054040573 1.26 960
1753054062989 1.27 970
1753054085354 1.29 980
1753054107621 1.3 990
1753054129925 1.31 1000
1753054152070 1.33 1010
1753054174166 1.34 1020
1753054196306 1.35 1030
1753054218589 1.36 1040
1753054240791 1.38 1050
1753054263230 1.39 1060
1753054285599 1.4 1070
1753054307884 1.42 1080
1753054330124 1.43 1090
1753054352341 1.44 1100
1753054374568 1.46 1110
1753054396744 1.47 1120
1753054418778 1.48 1130
1753054440907 1.5 1140
1753054463127 1.51 1150
1753054485333 1.52 1160
1753054507588 1.54 1170
1753054529569 1.55 1180
1753054551819 1.56 1190
1753054574143 1.57 1200
1753054596349 1.59 1210
1753054618484 1.6 1220
1753054640774 1.61 1230
1753054662983 1.63 1240
1753054685132 1.64 1250
1753054707247 1.65 1260
1753054729467 1.67 1270
1753054751647 1.68 1280
1753054774053 1.69 1290
1753054796140 1.71 1300
1753054818344 1.72 1310
1753054840371 1.73 1320
1753054862386 1.75 1330
1753054884558 1.76 1340
1753054906746 1.77 1350
1753054928929 1.78 1360
1753054951102 1.8 1370
1753054973201 1.81 1380
1753054995272 1.82 1390
1753055017193 1.84 1400
1753055039337 1.85 1410
1753055061503 1.86 1420
1753055083554 1.88 1430
1753055105692 1.89 1440
1753055127675 1.9 1450
1753055149749 1.92 1460
1753055171955 1.93 1470
1753055194077 1.94 1480
