1753051793461 5e-05 10
1753051816962 4.966974900924703e-05 20
1753051840242 4.9339498018494055e-05 30
1753051863207 4.900924702774108e-05 40
1753051886322 4.8678996036988114e-05 50
1753051909084 4.834874504623514e-05 60
1753051932166 4.801849405548217e-05 70
1753051955156 4.76882430647292e-05 80
1753051977836 4.7357992073976227e-05 90
1753052000802 4.702774108322325e-05 100
1753052023467 4.669749009247028e-05 110
1753052046260 4.6367239101717306e-05 120
1753052069000 4.603698811096433e-05 130
1753052091806 4.5706737120211365e-05 140
1753052115103 4.537648612945839e-05 150
1753052138141 4.504623513870542e-05 160
1753052161058 4.4715984147952444e-05 170
1753052184375 4.438573315719947e-05 180
1753052207386 4.40554821664465e-05 190
1753052230246 4.372523117569353e-05 200
1753052253375 4.3394980184940556e-05 210
1753052276340 4.306472919418759e-05 220
1753052299418 4.2734478203434616e-05 230
1753052322427 4.240422721268164e-05 240
1753052345198 4.207397622192867e-05 250
1753052368334 4.1743725231175694e-05 260
1753052391011 4.141347424042272e-05 270
1753052414001 4.108322324966975e-05 280
1753052437024 4.075297225891678e-05 290
1753052459763 4.0422721268163807e-05 300
1753052482671 4.009247027741083e-05 310
1753052505575 3.976221928665786e-05 320
1753052528396 3.943196829590489e-05 330
1753052551342 3.910171730515192e-05 340
1753052574460 3.8771466314398945e-05 350
1753052597313 3.844121532364597e-05 360
1753052620254 3.8110964332893e-05 370
1753052643256 3.778071334214003e-05 380
1753052666591 3.745046235138706e-05 390
1753052689292 3.7120211360634083e-05 400
1753052712093 3.678996036988111e-05 410
1753052734815 3.6459709379128136e-05 420
1753052757556 3.612945838837516e-05 430
1753052780063 3.579920739762219e-05 440
1753052802756 3.546895640686922e-05 450
1753052825393 3.5138705416116255e-05 460
1753052848305 3.480845442536328e-05 470
1753052871100 3.447820343461031e-05 480
1753052893805 3.4147952443857334e-05 490
1753052916619 3.381770145310436e-05 500
1753052939190 3.3487450462351387e-05 510
1753052961934 3.315719947159841e-05 520
1753052984628 3.2826948480845446e-05 530
1753053007275 3.249669749009247e-05 540
1753053030102 3.21664464993395e-05 550
1753053052821 3.1836195508586525e-05 560
1753053075661 3.150594451783356e-05 570
1753053098402 3.1175693527080584e-05 580
1753053121016 3.084544253632761e-05 590
1753053143839 3.051519154557464e-05 600
1753053166703 3.0184940554821667e-05 610
1753053189486 2.9854689564068693e-05 620
1753053212238 2.9524438573315723e-05 630
1753053234700 2.919418758256275e-05 640
1753053257467 2.8863936591809776e-05 650
1753053280220 2.8533685601056802e-05 660
1753053302857 2.820343461030383e-05 670
1753053325688 2.7873183619550858e-05 680
1753053348329 2.7542932628797884e-05 690
1753053371130 2.7212681638044917e-05 700
1753053393867 2.6882430647291944e-05 710
1753053416501 2.6552179656538973e-05 720
1753053439186 2.6221928665786e-05 730
1753053461965 2.5891677675033026e-05 740
1753053484736 2.5561426684280056e-05 750
1753053507630 2.5231175693527082e-05 760
1753053617395 2.490092470277411e-05 770
1753053639828 2.4570673712021135e-05 780
1753053662029 2.4240422721268164e-05 790
1753053684255 2.3910171730515194e-05 800
1753053706376 2.357992073976222e-05 810
1753053728511 2.3249669749009247e-05 820
1753053750771 2.2919418758256277e-05 830
1753053772972 2.2589167767503303e-05 840
1753053795243 2.2258916776750333e-05 850
1753053817668 2.192866578599736e-05 860
1753053839920 2.159841479524439e-05 870
1753053862273 2.1268163804491415e-05 880
1753053884590 2.093791281373844e-05 890
1753053906779 2.0607661822985468e-05 900
1753053928978 2.0277410832232497e-05 910
1753053951236 1.9947159841479527e-05 920
1753053973799 1.9616908850726553e-05 930
1753053996316 1.928665785997358e-05 940
1753054018475 1.895640686922061e-05 950
1753054040573 1.8626155878467636e-05 960
1753054062989 1.8295904887714662e-05 970
1753054085354 1.7965653896961692e-05 980
1753054107621 1.763540290620872e-05 990
1753054129925 1.7305151915455748e-05 1000
1753054152070 1.6974900924702774e-05 1010
1753054174166 1.66446499339498e-05 1020
1753054196306 1.631439894319683e-05 1030
1753054218589 1.598414795244386e-05 1040
1753054240791 1.5653896961690886e-05 1050
1753054263230 1.5323645970937913e-05 1060
1753054285599 1.499339498018494e-05 1070
1753054307884 1.4663143989431969e-05 1080
1753054330124 1.4332892998678995e-05 1090
1753054352341 1.4002642007926026e-05 1100
1753054374568 1.3672391017173053e-05 1110
1753054396744 1.334214002642008e-05 1120
1753054418778 1.3011889035667107e-05 1130
1753054440907 1.2681638044914135e-05 1140
1753054463127 1.2351387054161163e-05 1150
1753054485333 1.2021136063408191e-05 1160
1753054507588 1.1690885072655217e-05 1170
1753054529569 1.1360634081902247e-05 1180
1753054551819 1.1030383091149274e-05 1190
1753054574143 1.0700132100396302e-05 1200
1753054596349 1.036988110964333e-05 1210
1753054618484 1.0039630118890358e-05 1220
1753054640774 9.709379128137384e-06 1230
1753054662983 9.379128137384414e-06 1240
1753054685132 9.04887714663144e-06 1250
1753054707247 8.718626155878468e-06 1260
1753054729467 8.388375165125496e-06 1270
1753054751647 8.058124174372524e-06 1280
1753054774053 7.72787318361955e-06 1290
1753054796140 7.397622192866579e-06 1300
1753054818344 7.067371202113606e-06 1310
1753054840371 6.7371202113606344e-06 1320
1753054862386 6.4068692206076625e-06 1330
1753054884558 6.07661822985469e-06 1340
1753054906746 5.746367239101718e-06 1350
1753054928929 5.416116248348746e-06 1360
1753054951102 5.085865257595773e-06 1370
1753054973201 4.755614266842801e-06 1380
1753054995272 4.425363276089829e-06 1390
1753055017193 4.095112285336856e-06 1400
1753055039337 3.7648612945838837e-06 1410
1753055061503 3.4346103038309117e-06 1420
1753055083554 3.1043593130779393e-06 1430
1753055105692 2.774108322324967e-06 1440
1753055127675 2.443857331571995e-06 1450
1753055149749 2.1136063408190225e-06 1460
1753055171955 1.7833553500660501e-06 1470
1753055194077 1.453104359313078e-06 1480
