1753051793461 0.6966 10
1753051816962 0.6518 20
1753051840242 0.559 30
1753051863207 0.4826 40
1753051886322 0.4904 50
1753051909084 0.5849 60
1753051932166 0.5875 70
1753051955156 0.6168 80
1753051977836 0.4925 90
1753052000802 0.5454 100
1753052023467 0.4243 110
1753052046260 0.4471 120
1753052069000 0.5028 130
1753052091806 0.4326 140
1753052115103 0.5792 150
1753052138141 0.405 160
1753052161058 0.5056 170
1753052184375 0.4507 180
1753052207386 0.5007 190
1753052230246 0.4745 200
1753052253375 0.5174 210
1753052276340 0.391 220
1753052299418 0.4806 230
1753052322427 0.3768 240
1753052345198 0.2727 250
1753052368334 0.6454 260
1753052391011 0.3844 270
1753052414001 0.3629 280
1753052437024 0.6583 290
1753052459763 0.485 300
1753052482671 0.3616 310
1753052505575 0.7212 320
1753052528396 0.3308 330
1753052551342 0.3926 340
1753052574460 0.5885 350
1753052597313 0.4797 360
1753052620254 0.4887 370
1753052643256 0.4487 380
1753052666591 0.3985 390
1753052689292 0.5747 400
1753052712093 0.3892 410
1753052734815 0.58 420
1753052757556 0.4849 430
1753052780063 0.4787 440
1753052802756 0.4241 450
1753052825393 0.4843 460
1753052848305 0.5059 470
1753052871100 0.3385 480
1753052893805 0.3294 490
1753052916619 0.4045 500
1753052939190 0.4151 510
1753052961934 0.3765 520
1753052984628 0.4601 530
1753053007275 0.4892 540
1753053030102 0.3834 550
1753053052821 0.5465 560
1753053075661 0.4492 570
1753053098402 0.384 580
1753053121016 0.4829 590
1753053143839 0.6372 600
1753053166703 0.5222 610
1753053189486 0.3745 620
1753053212238 0.3549 630
1753053234700 0.4253 640
1753053257467 0.2368 650
1753053280220 0.4405 660
1753053302857 0.4297 670
1753053325688 0.4272 680
1753053348329 0.5124 690
1753053371130 0.421 700
1753053393867 0.3938 710
1753053416501 0.5666 720
1753053439186 0.4067 730
1753053461965 0.4601 740
1753053484736 0.369 750
1753053507630 0.3348 760
1753053617395 0.3198 770
1753053639828 0.1941 780
1753053662029 0.5089 790
1753053684255 0.3782 800
1753053706376 0.2828 810
1753053728511 0.4234 820
1753053750771 0.3418 830
1753053772972 0.3607 840
1753053795243 0.446 850
1753053817668 0.3812 860
1753053839920 0.1999 870
1753053862273 0.4891 880
1753053884590 0.1876 890
1753053906779 0.2689 900
1753053928978 0.264 910
1753053951236 0.4497 920
1753053973799 0.2715 930
1753053996316 0.3214 940
1753054018475 0.3182 950
1753054040573 0.3202 960
1753054062989 0.2 970
1753054085354 0.6028 980
1753054107621 0.2989 990
1753054129925 0.3884 1000
1753054152070 0.3661 1010
1753054174166 0.2752 1020
1753054196306 0.2214 1030
1753054218589 0.2381 1040
1753054240791 0.2871 1050
1753054263230 0.2281 1060
1753054285599 0.2584 1070
1753054307884 0.2095 1080
1753054330124 0.4971 1090
1753054352341 0.377 1100
1753054374568 0.3725 1110
1753054396744 0.2468 1120
1753054418778 0.2163 1130
1753054440907 0.3203 1140
1753054463127 0.2956 1150
1753054485333 0.467 1160
1753054507588 0.1891 1170
1753054529569 0.0969 1180
1753054551819 0.3614 1190
1753054574143 0.2915 1200
1753054596349 0.1714 1210
1753054618484 0.3032 1220
1753054640774 0.5101 1230
1753054662983 0.3828 1240
1753054685132 0.377 1250
1753054707247 0.5101 1260
1753054729467 0.2505 1270
1753054751647 0.2868 1280
1753054774053 0.2598 1290
1753054796140 0.3123 1300
1753054818344 0.3861 1310
1753054840371 0.2863 1320
1753054862386 0.3968 1330
1753054884558 0.1863 1340
1753054906746 0.3483 1350
1753054928929 0.1701 1360
1753054951102 0.3806 1370
1753054973201 0.2009 1380
1753054995272 0.1612 1390
1753055017193 0.2973 1400
1753055039337 0.3702 1410
1753055061503 0.306 1420
1753055083554 0.3288 1430
1753055105692 0.5417 1440
1753055127675 0.3146 1450
1753055149749 0.3126 1460
1753055171955 0.2296 1470
1753055194077 0.1909 1480
